#**Виджет банковских операций клиента**
Это виджет, который показывает несколько последних успешных операций клиента.
Статус проекта: *в разработке.*
Проект протестирован на 97 %.

## Описание
Проект содержит следующие функции:
- функцию маскировки номера банковской карты или банковского счета
- функцию фильтрации завершенных и не завершенных операций клиента
- функцию сортировки операций клиента по дате их выполнения

### Установка и использование
С помощью git clone клонируем репозиторий на свой компьютер

#### Примеры использования
1. Маскировка номера карты и номера счета

Пример для карты:
    Visa Platinum 7000792289606361 - входной аргумент
    Visa Platinum 7000 79** **** 6361 - выход функции

Пример для счета:
    Счет 73654108430135874305 - входной аргумент
    Счет **4305 - выход функции

2. Фильтрация завершенных и незавершенных операций клиента
    
Входные данные:
   [{'id': 41428829, 'state': 'EXECUTED', 'date': '2019-07-03T18:35:29.512364'},
   {'id': 939719570, 'state': 'EXECUTED', 'date': '2018-06-30T02:08:58.425572'}, 
   {'id': 594226727, 'state': 'CANCELED', 'date': '2018-09-12T21:27:25.241689'},
   {'id': 615064591, 'state': 'CANCELED', 'date': '2018-10-14T08:21:33.419441'}]

Выходные данные:

Выход функции со статусом по умолчанию 'EXECUTED'
    [{'id': 41428829, 'state': 'EXECUTED', 'date': '2019-07-03T18:35:29.512364'},
    {'id': 939719570, 'state': 'EXECUTED', 'date': '2018-06-30T02:08:58.425572'}]

Выход функции, если вторым аргументов передано 'CANCELED'
    [{'id': 594226727, 'state': 'CANCELED', 'date': '2018-09-12T21:27:25.241689'},
    {'id': 615064591, 'state': 'CANCELED', 'date': '2018-10-14T08:21:33.419441'}]

3. Сортировка операций клиента по дате их выполнения

Входные данные:
   [{'id': 41428829, 'state': 'EXECUTED', 'date': '2019-07-03T18:35:29.512364'},
   {'id': 939719570, 'state': 'EXECUTED', 'date': '2018-06-30T02:08:58.425572'}, 
   {'id': 594226727, 'state': 'CANCELED', 'date': '2018-09-12T21:27:25.241689'},
   {'id': 615064591, 'state': 'CANCELED', 'date': '2018-10-14T08:21:33.419441'}]

Выходные данные:
   [{'id': 41428829, 'state': 'EXECUTED', 'date': '2019-07-03T18:35:29.512364'},
   {'id': 615064591, 'state': 'CANCELED', 'date': '2018-10-14T08:21:33.419441'}, 
   {'id': 594226727, 'state': 'CANCELED', 'date': '2018-09-12T21:27:25.241689'},
   {'id': 939719570, 'state': 'EXECUTED', 'date': '2018-06-30T02:08:58.425572'}]